Resp charges for organic molecule
 
 &cntrl
 
 nmol = 1,
 ihfree = 1,
 ioutopt = 1,
 iqopt = 2,
 qwt = 0.00100,
 
 &end
    1.0
Resp charges for organic molecule
    1  113
    1    0
    6    0
    1    1
    1    1
    6  -99
    8  -99
    7  -99
    1  -99
    6  -99
    1  -99
    6    0
    1    0
    1   12
    6  -99
    7  -99
    1  -99
    6  -99
    1  -99
    7  -99
    6  -99
    1  -99
    6  -99
    8  -99
    7  -99
    1  -99
    6    0
    1    0
    1   27
    6  -99
    8  -99
    7  -99
    1  -99
    6  -99
    1  -99
    6    0
    1    0
    1   36
    6  -99
    7  -99
    1  -99
    6  -99
    1  -99
    7  -99
    6  -99
    1  -99
    6  -99
    8  -99
    7  -99
    1  -99
    6    0
    1    0
    1   51
    1   51
    1    0
    6    0
    1   54
    1   54
    6  -99
    8  -99
    7  -99
    1  -99
    6  -99
    1  -99
    6    0
    1    0
    1   65
    6  -99
    7  -99
    6  -99
    1  -99
    7  -99
    1  -99
    6  -99
    1  -99
    6  -99
    8  -99
    7  -99
    1  -99
    6    0
    1    0
    1   80
    1   80
   30  -99
    6  -99
    6  -99
    6  -99
    6  -99
    6  -99
    6  -99
    6  -99
    6  -99
    6  -99
    6  -99
    7  -99
    6    0
    6    0
   16  -99
    8  -99
    8  -99
    7  -99
    1  -99
    1    0
    1  102
    1  102
    1    0
    1  105
    1  105
    1  -99
    1  -99
    1  -99
    1  -99
    1  -99
    1  -99
    6   0.00000
    1    1    1    2    1    3    1    4    1    5    1    6 
    7   0.00000
    1   24    1   25    1   26    1   27    1   28    1   29    1   30 
    6   0.00000
    1   48    1   49    1   50    1   51    1   52    1   53 
    6   0.00000
    1   54    1   55    1   56    1   57    1   58    1   59 
    6   0.00000
    1   77    1   78    1   79    1   80    1   81    1   82 
    1  -0.41570
    1    7
    1   0.01880
    1    9
    1   0.59730
    1   22
    1  -0.56790
    1   23
    1  -0.41570
    1   31
    1   0.01880
    1   33
    1   0.59730
    1   46
    1  -0.56790
    1   47
    1  -0.41570
    1   60
    1  -0.05810
    1   62
    1   0.59730
    1   75
    1  -0.56790
    1   76




